i
76
1
56
5
89
45
24
41
94
31
32
68
84
60
35
55
90
75
34
40
10
18
72
63
96
8
50
30
52
26
88
64
49
25
39
21
38
19
27
15
98
97
69
37
29
62
46
59
87
53
16
54
80
66
12
86
83
67
78
33
65
17
7
100
22
61
92
44
85
48
9
42
13
36
77
81
70
43
2
4
3
71
74
11
99
6
93
47
73
79
95
82
57
20
23
51
14
28
58
91
d
68
29
72
96
21
8
77
26
19
5
24
43
98
47
97
71
99
51
62
79
52
7
50
23
75
80
94
14
38
89
42
20
61
81
17
3
34
13
85
16
25
28
36
69
70
35
1
93
63
45
84
54
39
18
33
100
9
10
11
15
59
82
6
40
57
74
86
78
49
95
87
32
73
48
91
88
46
90
41
22
12
56
92
83
60
53
76
27
31
2
58
30
55
64
4
67
65
37
44
66
