93
98
38
25
80
46
75
13
27
47
9
74
83
57
63
82
48
69
64
79
67
31
40
89
92
21
99
17
91
7
66
12
87
1
23
55
29
24
16
59
90
34
20
30
86
68
39
35
3
88
61
54
58
97
45
43
26
22
100
41
94
65
2
81
32
18
6
4
15
5
11
77
14
60
53
10
71
36
78
37
28
76
19
42
33
70
56
73
85
8
50
72
51
84
96
44
52
95
62
49
d
18
35
93
58
37
7
36
62
67
91
26
4
17
69
34
19
9
65
99
50
12
39
44
59
6
80
72
16
85
48
83
82
54
24
31
89
21
97
14
60
63
61
46
38
51
15
30
90
11
73
79
92
64
43
76
27
40
42
87
25
32
1
96
95
68
77
56
3
52
8
28
47
81
74
2
57
98
94
5
49
78
10
33
66
20
29
88
55
53
41
23
22
86
75
84
13
100
45
71
70
